Seed=1
[1.640625, 0.03125, 0.046875, 35.296875] 9.25390625
[0.015625, 0.0, 0.0, 1.328125] 0.3359375
[0.171875, 0.109375, 0.09375, 3.921875] 1.07421875
[0.015625, 0.0, 0.015625, 0.359375] 0.09765625

Seed=2
[0.0, 0.0, 0.0, 1.25] 0.3125
[0.1875, 0.09375, 0.109375, 4.28125] 1.16796875
[0.015625, 0.0, 0.0, 0.375] 0.09765625

Seed=3
[1.375, 0.015625, 0.046875, 35.234375] 9.16796875
[0.0, 0.015625, 0.0, 1.203125] 0.3046875
[0.1875, 0.09375, 0.09375, 3.5] 0.96875
[0.015625, 0.015625, 0.0, 0.359375] 0.09765625

Seed=4
hypothyroid.csv NN 0.9668874172185431 [0.9513238585227357, 0.9824509759143505]
hypothyroid.csv DT 0.990728476821192 [0.9823921008628163, 0.9990648527795678]
hypothyroid.csv RF 0.9947019867549669 [0.9883876543939398, 1.001016319115994]    
hypothyroid.csv BN 0.14437086092715232 [0.11380004842215202, 0.1749416734321526] 
monks1.csv NN 1.0 [1.0, 1.0]
monks1.csv DT 0.7816091954022989 [0.6757447129107532, 0.8874736778938446]
monks1.csv RF 1.0 [1.0, 1.0]
monks1.csv BN 0.7126436781609196 [0.5966899087740026, 0.8285974475478365]        
votes.csv NN 0.9655172413793104 [0.9187631854087757, 1.0122712973498451]
votes.csv DT 0.9425287356321839 [0.8828923999863115, 1.002165071278056]
votes.csv RF 0.9655172413793104 [0.9187631854087757, 1.0122712973498451]
votes.csv BN 0.9310344827586207 [0.8661057156135027, 0.9959632499037386]
mnist_1000.csv NN 0.93 [0.9163644268547304, 0.9436355731452697]
mnist_1000.csv DT 0.807 [0.7859089439915874, 0.8280910560084127]
mnist_1000.csv RF 0.9485 [0.9366884964383234, 0.9603115035616766]
mnist_1000.csv BN 0.5775 [0.5511019252655142, 0.6038980747344859]
[1.375, 0.015625, 0.140625, 33.125] 8.6640625
[0.015625, 0.0, 0.0, 1.171875] 0.296875
[0.1875, 0.109375, 0.109375, 3.390625] 0.94921875
[0.0, 0.0, 0.0, 0.3125] 0.078125

Seed=5
hypothyroid.csv NN 0.9668874172185431 [0.9513238585227357, 0.9824509759143505]
hypothyroid.csv DT 0.9920529801324504 [0.9843298383535698, 0.9997761219113309]
hypothyroid.csv RF 0.9947019867549669 [0.9883876543939398, 1.001016319115994]    
hypothyroid.csv BN 0.14437086092715232 [0.11380004842215202, 0.1749416734321526] 
monks1.csv NN 1.0 [1.0, 1.0]
monks1.csv DT 0.8390804597701149 [0.7449252251461173, 0.9332356943941126]
monks1.csv RF 0.9885057471264368 [0.9611928198951084, 1.015818674357765]
monks1.csv BN 0.7126436781609196 [0.5966899087740026, 0.8285974475478365]        
votes.csv NN 0.9655172413793104 [0.9187631854087757, 1.0122712973498451]
votes.csv DT 0.9080459770114943 [0.8340040759129611, 0.9820878781100274]
votes.csv RF 0.9655172413793104 [0.9187631854087757, 1.0122712973498451]
votes.csv BN 0.9310344827586207 [0.8661057156135027, 0.9959632499037386]
mnist_1000.csv NN 0.93 [0.9163644268547304, 0.9436355731452697]
mnist_1000.csv DT 0.806 [0.7848674799846304, 0.8271325200153697]
mnist_1000.csv RF 0.9495 [0.9377975693342152, 0.9612024306657848]
mnist_1000.csv BN 0.5775 [0.5511019252655142, 0.6038980747344859]
[1.109375, 0.015625, 0.046875, 35.125] 9.07421875
[0.015625, 0.0, 0.0, 1.25] 0.31640625
[0.171875, 0.109375, 0.109375, 3.6875] 1.01953125
[0.015625, 0.0, 0.0, 0.34375] 0.08984375

Seed=6
hypothyroid.csv NN 0.9668874172185431 [0.9513238585227357, 0.9824509759143505]
hypothyroid.csv DT 0.9920529801324504 [0.9843298383535698, 0.9997761219113309]
hypothyroid.csv RF 0.9947019867549669 [0.9883876543939398, 1.001016319115994]
hypothyroid.csv BN 0.14437086092715232 [0.11380004842215202, 0.1749416734321526]
monks1.csv NN 1.0 [1.0, 1.0]
monks1.csv DT 0.7471264367816092 [0.6357516102168869, 0.8585012633463315]
monks1.csv RF 0.9770114942528736 [0.9386104103639719, 1.0154125781417753]
monks1.csv BN 0.7126436781609196 [0.5966899087740026, 0.8285974475478365]
votes.csv NN 0.9655172413793104 [0.9187631854087757, 1.0122712973498451]
votes.csv DT 0.9080459770114943 [0.8340040759129611, 0.9820878781100274]
votes.csv RF 0.9655172413793104 [0.9187631854087757, 1.0122712973498451]
votes.csv BN 0.9310344827586207 [0.8661057156135027, 0.9959632499037386]
mnist_1000.csv NN 0.93 [0.9163644268547304, 0.9436355731452697]
mnist_1000.csv DT 0.8045 [0.7833056887352408, 0.8256943112647592]
mnist_1000.csv RF 0.952 [0.9405759000004377, 0.9634240999995622]
mnist_1000.csv BN 0.5775 [0.5511019252655142, 0.6038980747344859]
[1.84375, 0.015625, 0.0625, 35.09375] 9.25390625
[0.0, 0.0, 0.0, 1.28125] 0.3203125
[0.1875, 0.109375, 0.09375, 3.8125] 1.05078125
[0.0, 0.0, 0.0, 0.34375] 0.0859375

Seed=7
hypothyroid.csv NN 0.9668874172185431 [0.9513238585227357, 0.9824509759143505]
hypothyroid.csv DT 0.9933774834437086 [0.9863225469720787, 1.0004324199153385]
hypothyroid.csv RF 0.9947019867549669 [0.9883876543939398, 1.001016319115994]
hypothyroid.csv BN 0.14437086092715232 [0.11380004842215202, 0.1749416734321526]
monks1.csv NN 1.0 [1.0, 1.0]
monks1.csv DT 0.7931034482758621 [0.689307638861066, 0.8968992576906581]
monks1.csv RF 0.9655172413793104 [0.9187631854087757, 1.0122712973498451]
monks1.csv BN 0.7126436781609196 [0.5966899087740026, 0.8285974475478365]
votes.csv NN 0.9655172413793104 [0.9187631854087757, 1.0122712973498451]
votes.csv DT 0.9425287356321839 [0.8828923999863115, 1.002165071278056]
votes.csv RF 0.9770114942528736 [0.9386104103639719, 1.0154125781417753]
votes.csv BN 0.9310344827586207 [0.8661057156135027, 0.9959632499037386]
mnist_1000.csv NN 0.93 [0.9163644268547304, 0.9436355731452697]
mnist_1000.csv DT 0.803 [0.7817443794362526, 0.8242556205637475]
mnist_1000.csv RF 0.957 [0.9461589062567469, 0.967841093743253]
mnist_1000.csv BN 0.5775 [0.5511019252655142, 0.6038980747344859]
[1.59375, 0.03125, 0.046875, 32.921875] 8.6484375
[0.0, 0.0, 0.0, 1.234375] 0.30859375
[0.1875, 0.109375, 0.09375, 3.71875] 1.02734375
[0.015625, 0.0, 0.0, 0.34375] 0.08984375

Seed=8
hypothyroid.csv NN 0.9668874172185431 [0.9513238585227357, 0.9824509759143505]
hypothyroid.csv DT 0.9920529801324504 [0.9843298383535698, 0.9997761219113309]
hypothyroid.csv RF 0.9960264900662251 [0.9905544783176056, 1.0014985018148448]
hypothyroid.csv BN 0.14437086092715232 [0.11380004842215202, 0.1749416734321526]
monks1.csv NN 1.0 [1.0, 1.0]
monks1.csv DT 0.8275862068965517 [0.7307961155420593, 0.9243762982510442]
monks1.csv RF 0.9770114942528736 [0.9386104103639719, 1.0154125781417753]
monks1.csv BN 0.7126436781609196 [0.5966899087740026, 0.8285974475478365]
votes.csv NN 0.9655172413793104 [0.9187631854087757, 1.0122712973498451]
votes.csv DT 0.9080459770114943 [0.8340040759129611, 0.9820878781100274]
votes.csv RF 0.9770114942528736 [0.9386104103639719, 1.0154125781417753]
votes.csv BN 0.9310344827586207 [0.8661057156135027, 0.9959632499037386]
mnist_1000.csv NN 0.93 [0.9163644268547304, 0.9436355731452697]
mnist_1000.csv DT 0.8115 [0.7905982406867866, 0.8324017593132134]
mnist_1000.csv RF 0.9515 [0.9400195696340469, 0.9629804303659532]
mnist_1000.csv BN 0.5775 [0.5511019252655142, 0.6038980747344859]
[1.53125, 0.015625, 0.03125, 35.078125] 9.1640625
[0.015625, 0.0, 0.0, 1.265625] 0.3203125
[0.171875, 0.109375, 0.09375, 3.71875] 1.0234375
[0.015625, 0.0, 0.015625, 0.328125] 0.08984375

